%YAML:1.0
---
camera_matrix: !!opencv-matrix
   rows: 3
   cols: 3
   dt: d
   data: [ 5.3434144943939350e+02, 0., 3.3915527161602438e+02, 0.,
       5.3468426373946102e+02, 2.3384359772394009e+02, 0., 0., 1. ]
dist_coeff: !!opencv-matrix
   rows: 1
   cols: 5
   dt: d
   data: [ -2.8832101897043372e-01, 5.4108203839266358e-02,
       1.7350158737563450e-03, -2.6133116512528558e-04,
       2.0410981192542302e-01 ]
